image: map.pgm
resolution: 0.050000
origin: [−26.064622, −26.093028, 2.978762]
negate: 0
occupied_thresh: 0.65
free_thresh: 0.196

